61.59
62.08
62.93
64.03
65.09
66.24
67.36
68.33
69.05
69.69
70.65
72.02
73.09
74.10
74.94
76.31
77.71
79.38
80.94
82.46
83.58
84.64
85.97
87.55
89.03
90.42
91.88
93.40
94.68
96.19
98.12
100.00
101.93
103.95
106.33
108.56
110.37
112.55
114.85
117.63
120.71
123.81
126.58
128.75
131.28
133.72
135.96
137.83
139.51
141.34
143.17
144.90
146.63
148.38
150.33
152.43
154.78
156.50
158.31
159.58
161.01
162.33
163.76
165.57
167.29
169.08
171.22
173.32
175.37
177.51
179.82
181.78
183.14
184.27
185.57
186.97
188.30
189.80
191.24
192.59
193.36
193.94
194.45
195.11
196.00
197.09
198.13
198.87
199.21
199.40
199.60
199.74
199.90
199.97
200.04
200.00
200.04
200.20
200.27
200.40
200.64
200.60
200.50
200.20
200.15
200.39
200.53
200.82
200.83
201.20
201.57
202.11
202.18
202.12
202.11
202.48
202.90
203.24
203.42
203.63
203.97
204.30
204.67
